{
 "cells": [
  {
   "cell_type": "markdown",
   "id": "8f2cdbc2",
   "metadata": {},
   "source": [
    "### TEAM E3 LETTER PREDICTION\n",
    "###  B Sai Abhishek\n",
    "###  B Ruchith balaji\n",
    "###  Chillakuru Hari"
   ]
  },
  {
   "cell_type": "code",
   "execution_count": 1,
   "id": "91714441",
   "metadata": {},
   "outputs": [],
   "source": [
    "import pandas as pd\n",
    "import numpy as np\n",
    "from sklearn.model_selection import train_test_split\n",
    "from sklearn.preprocessing import StandardScaler\n",
    "from sklearn.neighbors import KNeighborsClassifier\n",
    "from sklearn.metrics import f1_score,precision_score,classification_report\n",
    "from sklearn.metrics import accuracy_score,confusion_matrix,recall_score\n",
    "import matplotlib.pyplot as plt\n",
    "from sklearn.svm import SVC\n",
    "from sklearn.tree import DecisionTreeClassifier\n",
    "from sklearn import metrics"
   ]
  },
  {
   "cell_type": "code",
   "execution_count": 2,
   "id": "62191849",
   "metadata": {},
   "outputs": [],
   "source": [
    "df = pd.read_csv(\"letter_recognition.csv\")"
   ]
  },
  {
   "cell_type": "code",
   "execution_count": 3,
   "id": "aff7b7e6",
   "metadata": {
    "scrolled": false
   },
   "outputs": [
    {
     "data": {
      "text/html": [
       "<div>\n",
       "<style scoped>\n",
       "    .dataframe tbody tr th:only-of-type {\n",
       "        vertical-align: middle;\n",
       "    }\n",
       "\n",
       "    .dataframe tbody tr th {\n",
       "        vertical-align: top;\n",
       "    }\n",
       "\n",
       "    .dataframe thead th {\n",
       "        text-align: right;\n",
       "    }\n",
       "</style>\n",
       "<table border=\"1\" class=\"dataframe\">\n",
       "  <thead>\n",
       "    <tr style=\"text-align: right;\">\n",
       "      <th></th>\n",
       "      <th>letter</th>\n",
       "      <th>xbox</th>\n",
       "      <th>ybox</th>\n",
       "      <th>width</th>\n",
       "      <th>height</th>\n",
       "      <th>onpix</th>\n",
       "      <th>xbar</th>\n",
       "      <th>ybar</th>\n",
       "      <th>x2bar</th>\n",
       "      <th>y2bar</th>\n",
       "      <th>xybar</th>\n",
       "      <th>x2ybar</th>\n",
       "      <th>xy2bar</th>\n",
       "      <th>xedge</th>\n",
       "      <th>xedgey</th>\n",
       "      <th>yedge</th>\n",
       "      <th>yedgex</th>\n",
       "    </tr>\n",
       "  </thead>\n",
       "  <tbody>\n",
       "    <tr>\n",
       "      <th>0</th>\n",
       "      <td>T</td>\n",
       "      <td>2</td>\n",
       "      <td>8</td>\n",
       "      <td>3</td>\n",
       "      <td>5</td>\n",
       "      <td>1</td>\n",
       "      <td>8</td>\n",
       "      <td>13</td>\n",
       "      <td>0</td>\n",
       "      <td>6</td>\n",
       "      <td>6</td>\n",
       "      <td>10</td>\n",
       "      <td>8</td>\n",
       "      <td>0</td>\n",
       "      <td>8</td>\n",
       "      <td>0</td>\n",
       "      <td>8</td>\n",
       "    </tr>\n",
       "    <tr>\n",
       "      <th>1</th>\n",
       "      <td>I</td>\n",
       "      <td>5</td>\n",
       "      <td>12</td>\n",
       "      <td>3</td>\n",
       "      <td>7</td>\n",
       "      <td>2</td>\n",
       "      <td>10</td>\n",
       "      <td>5</td>\n",
       "      <td>5</td>\n",
       "      <td>4</td>\n",
       "      <td>13</td>\n",
       "      <td>3</td>\n",
       "      <td>9</td>\n",
       "      <td>2</td>\n",
       "      <td>8</td>\n",
       "      <td>4</td>\n",
       "      <td>10</td>\n",
       "    </tr>\n",
       "    <tr>\n",
       "      <th>2</th>\n",
       "      <td>D</td>\n",
       "      <td>4</td>\n",
       "      <td>11</td>\n",
       "      <td>6</td>\n",
       "      <td>8</td>\n",
       "      <td>6</td>\n",
       "      <td>10</td>\n",
       "      <td>6</td>\n",
       "      <td>2</td>\n",
       "      <td>6</td>\n",
       "      <td>10</td>\n",
       "      <td>3</td>\n",
       "      <td>7</td>\n",
       "      <td>3</td>\n",
       "      <td>7</td>\n",
       "      <td>3</td>\n",
       "      <td>9</td>\n",
       "    </tr>\n",
       "    <tr>\n",
       "      <th>3</th>\n",
       "      <td>N</td>\n",
       "      <td>7</td>\n",
       "      <td>11</td>\n",
       "      <td>6</td>\n",
       "      <td>6</td>\n",
       "      <td>3</td>\n",
       "      <td>5</td>\n",
       "      <td>9</td>\n",
       "      <td>4</td>\n",
       "      <td>6</td>\n",
       "      <td>4</td>\n",
       "      <td>4</td>\n",
       "      <td>10</td>\n",
       "      <td>6</td>\n",
       "      <td>10</td>\n",
       "      <td>2</td>\n",
       "      <td>8</td>\n",
       "    </tr>\n",
       "    <tr>\n",
       "      <th>4</th>\n",
       "      <td>G</td>\n",
       "      <td>2</td>\n",
       "      <td>1</td>\n",
       "      <td>3</td>\n",
       "      <td>1</td>\n",
       "      <td>1</td>\n",
       "      <td>8</td>\n",
       "      <td>6</td>\n",
       "      <td>6</td>\n",
       "      <td>6</td>\n",
       "      <td>6</td>\n",
       "      <td>5</td>\n",
       "      <td>9</td>\n",
       "      <td>1</td>\n",
       "      <td>7</td>\n",
       "      <td>5</td>\n",
       "      <td>10</td>\n",
       "    </tr>\n",
       "    <tr>\n",
       "      <th>5</th>\n",
       "      <td>S</td>\n",
       "      <td>4</td>\n",
       "      <td>11</td>\n",
       "      <td>5</td>\n",
       "      <td>8</td>\n",
       "      <td>3</td>\n",
       "      <td>8</td>\n",
       "      <td>8</td>\n",
       "      <td>6</td>\n",
       "      <td>9</td>\n",
       "      <td>5</td>\n",
       "      <td>6</td>\n",
       "      <td>6</td>\n",
       "      <td>0</td>\n",
       "      <td>8</td>\n",
       "      <td>9</td>\n",
       "      <td>7</td>\n",
       "    </tr>\n",
       "    <tr>\n",
       "      <th>6</th>\n",
       "      <td>B</td>\n",
       "      <td>4</td>\n",
       "      <td>2</td>\n",
       "      <td>5</td>\n",
       "      <td>4</td>\n",
       "      <td>4</td>\n",
       "      <td>8</td>\n",
       "      <td>7</td>\n",
       "      <td>6</td>\n",
       "      <td>6</td>\n",
       "      <td>7</td>\n",
       "      <td>6</td>\n",
       "      <td>6</td>\n",
       "      <td>2</td>\n",
       "      <td>8</td>\n",
       "      <td>7</td>\n",
       "      <td>10</td>\n",
       "    </tr>\n",
       "    <tr>\n",
       "      <th>7</th>\n",
       "      <td>A</td>\n",
       "      <td>1</td>\n",
       "      <td>1</td>\n",
       "      <td>3</td>\n",
       "      <td>2</td>\n",
       "      <td>1</td>\n",
       "      <td>8</td>\n",
       "      <td>2</td>\n",
       "      <td>2</td>\n",
       "      <td>2</td>\n",
       "      <td>8</td>\n",
       "      <td>2</td>\n",
       "      <td>8</td>\n",
       "      <td>1</td>\n",
       "      <td>6</td>\n",
       "      <td>2</td>\n",
       "      <td>7</td>\n",
       "    </tr>\n",
       "    <tr>\n",
       "      <th>8</th>\n",
       "      <td>J</td>\n",
       "      <td>2</td>\n",
       "      <td>2</td>\n",
       "      <td>4</td>\n",
       "      <td>4</td>\n",
       "      <td>2</td>\n",
       "      <td>10</td>\n",
       "      <td>6</td>\n",
       "      <td>2</td>\n",
       "      <td>6</td>\n",
       "      <td>12</td>\n",
       "      <td>4</td>\n",
       "      <td>8</td>\n",
       "      <td>1</td>\n",
       "      <td>6</td>\n",
       "      <td>1</td>\n",
       "      <td>7</td>\n",
       "    </tr>\n",
       "    <tr>\n",
       "      <th>9</th>\n",
       "      <td>M</td>\n",
       "      <td>11</td>\n",
       "      <td>15</td>\n",
       "      <td>13</td>\n",
       "      <td>9</td>\n",
       "      <td>7</td>\n",
       "      <td>13</td>\n",
       "      <td>2</td>\n",
       "      <td>6</td>\n",
       "      <td>2</td>\n",
       "      <td>12</td>\n",
       "      <td>1</td>\n",
       "      <td>9</td>\n",
       "      <td>8</td>\n",
       "      <td>1</td>\n",
       "      <td>1</td>\n",
       "      <td>8</td>\n",
       "    </tr>\n",
       "  </tbody>\n",
       "</table>\n",
       "</div>"
      ],
      "text/plain": [
       "  letter  xbox   ybox   width   height  onpix   xbar   ybar   x2bar  y2bar   \\\n",
       "0      T      2      8       3       5       1      8     13      0       6   \n",
       "1      I      5     12       3       7       2     10      5      5       4   \n",
       "2      D      4     11       6       8       6     10      6      2       6   \n",
       "3      N      7     11       6       6       3      5      9      4       6   \n",
       "4      G      2      1       3       1       1      8      6      6       6   \n",
       "5      S      4     11       5       8       3      8      8      6       9   \n",
       "6      B      4      2       5       4       4      8      7      6       6   \n",
       "7      A      1      1       3       2       1      8      2      2       2   \n",
       "8      J      2      2       4       4       2     10      6      2       6   \n",
       "9      M     11     15      13       9       7     13      2      6       2   \n",
       "\n",
       "   xybar   x2ybar  xy2bar  xedge   xedgey  yedge   yedgex  \n",
       "0       6      10       8       0       8       0       8  \n",
       "1      13       3       9       2       8       4      10  \n",
       "2      10       3       7       3       7       3       9  \n",
       "3       4       4      10       6      10       2       8  \n",
       "4       6       5       9       1       7       5      10  \n",
       "5       5       6       6       0       8       9       7  \n",
       "6       7       6       6       2       8       7      10  \n",
       "7       8       2       8       1       6       2       7  \n",
       "8      12       4       8       1       6       1       7  \n",
       "9      12       1       9       8       1       1       8  "
      ]
     },
     "execution_count": 3,
     "metadata": {},
     "output_type": "execute_result"
    }
   ],
   "source": [
    "df.head(10)\n"
   ]
  },
  {
   "cell_type": "code",
   "execution_count": 4,
   "id": "879f8acc",
   "metadata": {
    "scrolled": false
   },
   "outputs": [
    {
     "name": "stdout",
     "output_type": "stream",
     "text": [
      "shape : (20000, 17)\n",
      "<class 'pandas.core.frame.DataFrame'>\n",
      "RangeIndex: 20000 entries, 0 to 19999\n",
      "Data columns (total 17 columns):\n",
      " #   Column  Non-Null Count  Dtype \n",
      "---  ------  --------------  ----- \n",
      " 0   letter  20000 non-null  object\n",
      " 1   xbox    20000 non-null  int64 \n",
      " 2   ybox    20000 non-null  int64 \n",
      " 3   width   20000 non-null  int64 \n",
      " 4   height  20000 non-null  int64 \n",
      " 5   onpix   20000 non-null  int64 \n",
      " 6   xbar    20000 non-null  int64 \n",
      " 7   ybar    20000 non-null  int64 \n",
      " 8   x2bar   20000 non-null  int64 \n",
      " 9   y2bar   20000 non-null  int64 \n",
      " 10  xybar   20000 non-null  int64 \n",
      " 11  x2ybar  20000 non-null  int64 \n",
      " 12  xy2bar  20000 non-null  int64 \n",
      " 13  xedge   20000 non-null  int64 \n",
      " 14  xedgey  20000 non-null  int64 \n",
      " 15  yedge   20000 non-null  int64 \n",
      " 16  yedgex  20000 non-null  int64 \n",
      "dtypes: int64(16), object(1)\n",
      "memory usage: 2.6+ MB\n",
      "None\n"
     ]
    }
   ],
   "source": [
    "print(\"shape :\",df.shape)\n",
    "print(df.info())"
   ]
  },
  {
   "cell_type": "code",
   "execution_count": 5,
   "id": "ca89bb1b",
   "metadata": {},
   "outputs": [
    {
     "data": {
      "text/html": [
       "<div>\n",
       "<style scoped>\n",
       "    .dataframe tbody tr th:only-of-type {\n",
       "        vertical-align: middle;\n",
       "    }\n",
       "\n",
       "    .dataframe tbody tr th {\n",
       "        vertical-align: top;\n",
       "    }\n",
       "\n",
       "    .dataframe thead th {\n",
       "        text-align: right;\n",
       "    }\n",
       "</style>\n",
       "<table border=\"1\" class=\"dataframe\">\n",
       "  <thead>\n",
       "    <tr style=\"text-align: right;\">\n",
       "      <th></th>\n",
       "      <th>xbox</th>\n",
       "      <th>ybox</th>\n",
       "      <th>width</th>\n",
       "      <th>height</th>\n",
       "      <th>onpix</th>\n",
       "      <th>xbar</th>\n",
       "      <th>ybar</th>\n",
       "      <th>x2bar</th>\n",
       "      <th>y2bar</th>\n",
       "      <th>xybar</th>\n",
       "      <th>x2ybar</th>\n",
       "      <th>xy2bar</th>\n",
       "      <th>xedge</th>\n",
       "      <th>xedgey</th>\n",
       "      <th>yedge</th>\n",
       "      <th>yedgex</th>\n",
       "    </tr>\n",
       "  </thead>\n",
       "  <tbody>\n",
       "    <tr>\n",
       "      <th>xbox</th>\n",
       "      <td>1.000000</td>\n",
       "      <td>0.757793</td>\n",
       "      <td>0.851514</td>\n",
       "      <td>0.672764</td>\n",
       "      <td>0.619097</td>\n",
       "      <td>-0.032595</td>\n",
       "      <td>0.045545</td>\n",
       "      <td>0.014306</td>\n",
       "      <td>0.052086</td>\n",
       "      <td>0.148056</td>\n",
       "      <td>0.035464</td>\n",
       "      <td>-0.046333</td>\n",
       "      <td>0.489155</td>\n",
       "      <td>0.098180</td>\n",
       "      <td>0.273504</td>\n",
       "      <td>-0.105147</td>\n",
       "    </tr>\n",
       "    <tr>\n",
       "      <th>ybox</th>\n",
       "      <td>0.757793</td>\n",
       "      <td>1.000000</td>\n",
       "      <td>0.671912</td>\n",
       "      <td>0.823207</td>\n",
       "      <td>0.555067</td>\n",
       "      <td>0.045690</td>\n",
       "      <td>-0.040925</td>\n",
       "      <td>-0.025019</td>\n",
       "      <td>0.096478</td>\n",
       "      <td>0.159954</td>\n",
       "      <td>-0.054648</td>\n",
       "      <td>-0.007568</td>\n",
       "      <td>0.274431</td>\n",
       "      <td>-0.001336</td>\n",
       "      <td>0.230883</td>\n",
       "      <td>-0.042741</td>\n",
       "    </tr>\n",
       "    <tr>\n",
       "      <th>width</th>\n",
       "      <td>0.851514</td>\n",
       "      <td>0.671912</td>\n",
       "      <td>1.000000</td>\n",
       "      <td>0.660215</td>\n",
       "      <td>0.765716</td>\n",
       "      <td>0.061959</td>\n",
       "      <td>0.024832</td>\n",
       "      <td>-0.098611</td>\n",
       "      <td>0.057074</td>\n",
       "      <td>0.115018</td>\n",
       "      <td>0.011694</td>\n",
       "      <td>-0.045009</td>\n",
       "      <td>0.557251</td>\n",
       "      <td>0.045658</td>\n",
       "      <td>0.260285</td>\n",
       "      <td>-0.118273</td>\n",
       "    </tr>\n",
       "    <tr>\n",
       "      <th>height</th>\n",
       "      <td>0.672764</td>\n",
       "      <td>0.823207</td>\n",
       "      <td>0.660215</td>\n",
       "      <td>1.000000</td>\n",
       "      <td>0.644366</td>\n",
       "      <td>0.042844</td>\n",
       "      <td>-0.020072</td>\n",
       "      <td>0.082383</td>\n",
       "      <td>0.059032</td>\n",
       "      <td>0.012458</td>\n",
       "      <td>-0.011991</td>\n",
       "      <td>0.026386</td>\n",
       "      <td>0.265243</td>\n",
       "      <td>0.025359</td>\n",
       "      <td>0.297545</td>\n",
       "      <td>-0.018853</td>\n",
       "    </tr>\n",
       "    <tr>\n",
       "      <th>onpix</th>\n",
       "      <td>0.619097</td>\n",
       "      <td>0.555067</td>\n",
       "      <td>0.765716</td>\n",
       "      <td>0.644366</td>\n",
       "      <td>1.000000</td>\n",
       "      <td>0.139159</td>\n",
       "      <td>-0.028822</td>\n",
       "      <td>-0.011985</td>\n",
       "      <td>-0.065557</td>\n",
       "      <td>-0.069776</td>\n",
       "      <td>-0.072941</td>\n",
       "      <td>-0.038858</td>\n",
       "      <td>0.627507</td>\n",
       "      <td>0.017649</td>\n",
       "      <td>0.492653</td>\n",
       "      <td>-0.062969</td>\n",
       "    </tr>\n",
       "    <tr>\n",
       "      <th>xbar</th>\n",
       "      <td>-0.032595</td>\n",
       "      <td>0.045690</td>\n",
       "      <td>0.061959</td>\n",
       "      <td>0.042844</td>\n",
       "      <td>0.139159</td>\n",
       "      <td>1.000000</td>\n",
       "      <td>-0.356580</td>\n",
       "      <td>-0.053306</td>\n",
       "      <td>-0.122851</td>\n",
       "      <td>0.085963</td>\n",
       "      <td>-0.341957</td>\n",
       "      <td>-0.032115</td>\n",
       "      <td>0.144325</td>\n",
       "      <td>-0.253339</td>\n",
       "      <td>0.127056</td>\n",
       "      <td>0.248816</td>\n",
       "    </tr>\n",
       "    <tr>\n",
       "      <th>ybar</th>\n",
       "      <td>0.045545</td>\n",
       "      <td>-0.040925</td>\n",
       "      <td>0.024832</td>\n",
       "      <td>-0.020072</td>\n",
       "      <td>-0.028822</td>\n",
       "      <td>-0.356580</td>\n",
       "      <td>1.000000</td>\n",
       "      <td>-0.118625</td>\n",
       "      <td>-0.049658</td>\n",
       "      <td>0.178318</td>\n",
       "      <td>0.600397</td>\n",
       "      <td>-0.271649</td>\n",
       "      <td>-0.036722</td>\n",
       "      <td>0.555060</td>\n",
       "      <td>-0.078008</td>\n",
       "      <td>-0.207900</td>\n",
       "    </tr>\n",
       "    <tr>\n",
       "      <th>x2bar</th>\n",
       "      <td>0.014306</td>\n",
       "      <td>-0.025019</td>\n",
       "      <td>-0.098611</td>\n",
       "      <td>0.082383</td>\n",
       "      <td>-0.011985</td>\n",
       "      <td>-0.053306</td>\n",
       "      <td>-0.118625</td>\n",
       "      <td>1.000000</td>\n",
       "      <td>-0.188431</td>\n",
       "      <td>-0.317780</td>\n",
       "      <td>0.042545</td>\n",
       "      <td>0.082020</td>\n",
       "      <td>0.142132</td>\n",
       "      <td>-0.084820</td>\n",
       "      <td>0.006546</td>\n",
       "      <td>0.182902</td>\n",
       "    </tr>\n",
       "    <tr>\n",
       "      <th>y2bar</th>\n",
       "      <td>0.052086</td>\n",
       "      <td>0.096478</td>\n",
       "      <td>0.057074</td>\n",
       "      <td>0.059032</td>\n",
       "      <td>-0.065557</td>\n",
       "      <td>-0.122851</td>\n",
       "      <td>-0.049658</td>\n",
       "      <td>-0.188431</td>\n",
       "      <td>1.000000</td>\n",
       "      <td>0.132000</td>\n",
       "      <td>-0.060116</td>\n",
       "      <td>0.119048</td>\n",
       "      <td>-0.384018</td>\n",
       "      <td>-0.052545</td>\n",
       "      <td>0.277540</td>\n",
       "      <td>-0.061335</td>\n",
       "    </tr>\n",
       "    <tr>\n",
       "      <th>xybar</th>\n",
       "      <td>0.148056</td>\n",
       "      <td>0.159954</td>\n",
       "      <td>0.115018</td>\n",
       "      <td>0.012458</td>\n",
       "      <td>-0.069776</td>\n",
       "      <td>0.085963</td>\n",
       "      <td>0.178318</td>\n",
       "      <td>-0.317780</td>\n",
       "      <td>0.132000</td>\n",
       "      <td>1.000000</td>\n",
       "      <td>0.057988</td>\n",
       "      <td>-0.106759</td>\n",
       "      <td>-0.175676</td>\n",
       "      <td>0.029419</td>\n",
       "      <td>-0.087019</td>\n",
       "      <td>-0.114223</td>\n",
       "    </tr>\n",
       "    <tr>\n",
       "      <th>x2ybar</th>\n",
       "      <td>0.035464</td>\n",
       "      <td>-0.054648</td>\n",
       "      <td>0.011694</td>\n",
       "      <td>-0.011991</td>\n",
       "      <td>-0.072941</td>\n",
       "      <td>-0.341957</td>\n",
       "      <td>0.600397</td>\n",
       "      <td>0.042545</td>\n",
       "      <td>-0.060116</td>\n",
       "      <td>0.057988</td>\n",
       "      <td>1.000000</td>\n",
       "      <td>0.063214</td>\n",
       "      <td>0.053566</td>\n",
       "      <td>0.527239</td>\n",
       "      <td>-0.226251</td>\n",
       "      <td>-0.236518</td>\n",
       "    </tr>\n",
       "    <tr>\n",
       "      <th>xy2bar</th>\n",
       "      <td>-0.046333</td>\n",
       "      <td>-0.007568</td>\n",
       "      <td>-0.045009</td>\n",
       "      <td>0.026386</td>\n",
       "      <td>-0.038858</td>\n",
       "      <td>-0.032115</td>\n",
       "      <td>-0.271649</td>\n",
       "      <td>0.082020</td>\n",
       "      <td>0.119048</td>\n",
       "      <td>-0.106759</td>\n",
       "      <td>0.063214</td>\n",
       "      <td>1.000000</td>\n",
       "      <td>-0.008753</td>\n",
       "      <td>-0.184927</td>\n",
       "      <td>0.049695</td>\n",
       "      <td>0.245808</td>\n",
       "    </tr>\n",
       "    <tr>\n",
       "      <th>xedge</th>\n",
       "      <td>0.489155</td>\n",
       "      <td>0.274431</td>\n",
       "      <td>0.557251</td>\n",
       "      <td>0.265243</td>\n",
       "      <td>0.627507</td>\n",
       "      <td>0.144325</td>\n",
       "      <td>-0.036722</td>\n",
       "      <td>0.142132</td>\n",
       "      <td>-0.384018</td>\n",
       "      <td>-0.175676</td>\n",
       "      <td>0.053566</td>\n",
       "      <td>-0.008753</td>\n",
       "      <td>1.000000</td>\n",
       "      <td>0.002849</td>\n",
       "      <td>0.108411</td>\n",
       "      <td>-0.049789</td>\n",
       "    </tr>\n",
       "    <tr>\n",
       "      <th>xedgey</th>\n",
       "      <td>0.098180</td>\n",
       "      <td>-0.001336</td>\n",
       "      <td>0.045658</td>\n",
       "      <td>0.025359</td>\n",
       "      <td>0.017649</td>\n",
       "      <td>-0.253339</td>\n",
       "      <td>0.555060</td>\n",
       "      <td>-0.084820</td>\n",
       "      <td>-0.052545</td>\n",
       "      <td>0.029419</td>\n",
       "      <td>0.527239</td>\n",
       "      <td>-0.184927</td>\n",
       "      <td>0.002849</td>\n",
       "      <td>1.000000</td>\n",
       "      <td>-0.064402</td>\n",
       "      <td>-0.187591</td>\n",
       "    </tr>\n",
       "    <tr>\n",
       "      <th>yedge</th>\n",
       "      <td>0.273504</td>\n",
       "      <td>0.230883</td>\n",
       "      <td>0.260285</td>\n",
       "      <td>0.297545</td>\n",
       "      <td>0.492653</td>\n",
       "      <td>0.127056</td>\n",
       "      <td>-0.078008</td>\n",
       "      <td>0.006546</td>\n",
       "      <td>0.277540</td>\n",
       "      <td>-0.087019</td>\n",
       "      <td>-0.226251</td>\n",
       "      <td>0.049695</td>\n",
       "      <td>0.108411</td>\n",
       "      <td>-0.064402</td>\n",
       "      <td>1.000000</td>\n",
       "      <td>0.143588</td>\n",
       "    </tr>\n",
       "    <tr>\n",
       "      <th>yedgex</th>\n",
       "      <td>-0.105147</td>\n",
       "      <td>-0.042741</td>\n",
       "      <td>-0.118273</td>\n",
       "      <td>-0.018853</td>\n",
       "      <td>-0.062969</td>\n",
       "      <td>0.248816</td>\n",
       "      <td>-0.207900</td>\n",
       "      <td>0.182902</td>\n",
       "      <td>-0.061335</td>\n",
       "      <td>-0.114223</td>\n",
       "      <td>-0.236518</td>\n",
       "      <td>0.245808</td>\n",
       "      <td>-0.049789</td>\n",
       "      <td>-0.187591</td>\n",
       "      <td>0.143588</td>\n",
       "      <td>1.000000</td>\n",
       "    </tr>\n",
       "  </tbody>\n",
       "</table>\n",
       "</div>"
      ],
      "text/plain": [
       "           xbox      ybox     width     height    onpix      xbar      ybar   \\\n",
       "xbox    1.000000  0.757793  0.851514  0.672764  0.619097 -0.032595  0.045545   \n",
       "ybox    0.757793  1.000000  0.671912  0.823207  0.555067  0.045690 -0.040925   \n",
       "width   0.851514  0.671912  1.000000  0.660215  0.765716  0.061959  0.024832   \n",
       "height  0.672764  0.823207  0.660215  1.000000  0.644366  0.042844 -0.020072   \n",
       "onpix   0.619097  0.555067  0.765716  0.644366  1.000000  0.139159 -0.028822   \n",
       "xbar   -0.032595  0.045690  0.061959  0.042844  0.139159  1.000000 -0.356580   \n",
       "ybar    0.045545 -0.040925  0.024832 -0.020072 -0.028822 -0.356580  1.000000   \n",
       "x2bar   0.014306 -0.025019 -0.098611  0.082383 -0.011985 -0.053306 -0.118625   \n",
       "y2bar   0.052086  0.096478  0.057074  0.059032 -0.065557 -0.122851 -0.049658   \n",
       "xybar   0.148056  0.159954  0.115018  0.012458 -0.069776  0.085963  0.178318   \n",
       "x2ybar  0.035464 -0.054648  0.011694 -0.011991 -0.072941 -0.341957  0.600397   \n",
       "xy2bar -0.046333 -0.007568 -0.045009  0.026386 -0.038858 -0.032115 -0.271649   \n",
       "xedge   0.489155  0.274431  0.557251  0.265243  0.627507  0.144325 -0.036722   \n",
       "xedgey  0.098180 -0.001336  0.045658  0.025359  0.017649 -0.253339  0.555060   \n",
       "yedge   0.273504  0.230883  0.260285  0.297545  0.492653  0.127056 -0.078008   \n",
       "yedgex -0.105147 -0.042741 -0.118273 -0.018853 -0.062969  0.248816 -0.207900   \n",
       "\n",
       "           x2bar    y2bar     xybar     x2ybar    xy2bar    xedge     xedgey  \\\n",
       "xbox    0.014306  0.052086  0.148056  0.035464 -0.046333  0.489155  0.098180   \n",
       "ybox   -0.025019  0.096478  0.159954 -0.054648 -0.007568  0.274431 -0.001336   \n",
       "width  -0.098611  0.057074  0.115018  0.011694 -0.045009  0.557251  0.045658   \n",
       "height  0.082383  0.059032  0.012458 -0.011991  0.026386  0.265243  0.025359   \n",
       "onpix  -0.011985 -0.065557 -0.069776 -0.072941 -0.038858  0.627507  0.017649   \n",
       "xbar   -0.053306 -0.122851  0.085963 -0.341957 -0.032115  0.144325 -0.253339   \n",
       "ybar   -0.118625 -0.049658  0.178318  0.600397 -0.271649 -0.036722  0.555060   \n",
       "x2bar   1.000000 -0.188431 -0.317780  0.042545  0.082020  0.142132 -0.084820   \n",
       "y2bar  -0.188431  1.000000  0.132000 -0.060116  0.119048 -0.384018 -0.052545   \n",
       "xybar  -0.317780  0.132000  1.000000  0.057988 -0.106759 -0.175676  0.029419   \n",
       "x2ybar  0.042545 -0.060116  0.057988  1.000000  0.063214  0.053566  0.527239   \n",
       "xy2bar  0.082020  0.119048 -0.106759  0.063214  1.000000 -0.008753 -0.184927   \n",
       "xedge   0.142132 -0.384018 -0.175676  0.053566 -0.008753  1.000000  0.002849   \n",
       "xedgey -0.084820 -0.052545  0.029419  0.527239 -0.184927  0.002849  1.000000   \n",
       "yedge   0.006546  0.277540 -0.087019 -0.226251  0.049695  0.108411 -0.064402   \n",
       "yedgex  0.182902 -0.061335 -0.114223 -0.236518  0.245808 -0.049789 -0.187591   \n",
       "\n",
       "          yedge     yedgex  \n",
       "xbox    0.273504 -0.105147  \n",
       "ybox    0.230883 -0.042741  \n",
       "width   0.260285 -0.118273  \n",
       "height  0.297545 -0.018853  \n",
       "onpix   0.492653 -0.062969  \n",
       "xbar    0.127056  0.248816  \n",
       "ybar   -0.078008 -0.207900  \n",
       "x2bar   0.006546  0.182902  \n",
       "y2bar   0.277540 -0.061335  \n",
       "xybar  -0.087019 -0.114223  \n",
       "x2ybar -0.226251 -0.236518  \n",
       "xy2bar  0.049695  0.245808  \n",
       "xedge   0.108411 -0.049789  \n",
       "xedgey -0.064402 -0.187591  \n",
       "yedge   1.000000  0.143588  \n",
       "yedgex  0.143588  1.000000  "
      ]
     },
     "execution_count": 5,
     "metadata": {},
     "output_type": "execute_result"
    }
   ],
   "source": [
    "df.corr()"
   ]
  },
  {
   "cell_type": "code",
   "execution_count": 6,
   "id": "535af86b",
   "metadata": {
    "scrolled": true
   },
   "outputs": [
    {
     "data": {
      "text/html": [
       "<div>\n",
       "<style scoped>\n",
       "    .dataframe tbody tr th:only-of-type {\n",
       "        vertical-align: middle;\n",
       "    }\n",
       "\n",
       "    .dataframe tbody tr th {\n",
       "        vertical-align: top;\n",
       "    }\n",
       "\n",
       "    .dataframe thead th {\n",
       "        text-align: right;\n",
       "    }\n",
       "</style>\n",
       "<table border=\"1\" class=\"dataframe\">\n",
       "  <thead>\n",
       "    <tr style=\"text-align: right;\">\n",
       "      <th></th>\n",
       "      <th>xbox</th>\n",
       "      <th>ybox</th>\n",
       "      <th>width</th>\n",
       "      <th>height</th>\n",
       "      <th>onpix</th>\n",
       "      <th>xbar</th>\n",
       "      <th>ybar</th>\n",
       "      <th>x2bar</th>\n",
       "      <th>y2bar</th>\n",
       "      <th>xybar</th>\n",
       "      <th>x2ybar</th>\n",
       "      <th>xy2bar</th>\n",
       "      <th>xedge</th>\n",
       "      <th>xedgey</th>\n",
       "      <th>yedge</th>\n",
       "      <th>yedgex</th>\n",
       "    </tr>\n",
       "  </thead>\n",
       "  <tbody>\n",
       "    <tr>\n",
       "      <th>0</th>\n",
       "      <td>2</td>\n",
       "      <td>8</td>\n",
       "      <td>3</td>\n",
       "      <td>5</td>\n",
       "      <td>1</td>\n",
       "      <td>8</td>\n",
       "      <td>13</td>\n",
       "      <td>0</td>\n",
       "      <td>6</td>\n",
       "      <td>6</td>\n",
       "      <td>10</td>\n",
       "      <td>8</td>\n",
       "      <td>0</td>\n",
       "      <td>8</td>\n",
       "      <td>0</td>\n",
       "      <td>8</td>\n",
       "    </tr>\n",
       "    <tr>\n",
       "      <th>1</th>\n",
       "      <td>5</td>\n",
       "      <td>12</td>\n",
       "      <td>3</td>\n",
       "      <td>7</td>\n",
       "      <td>2</td>\n",
       "      <td>10</td>\n",
       "      <td>5</td>\n",
       "      <td>5</td>\n",
       "      <td>4</td>\n",
       "      <td>13</td>\n",
       "      <td>3</td>\n",
       "      <td>9</td>\n",
       "      <td>2</td>\n",
       "      <td>8</td>\n",
       "      <td>4</td>\n",
       "      <td>10</td>\n",
       "    </tr>\n",
       "    <tr>\n",
       "      <th>2</th>\n",
       "      <td>4</td>\n",
       "      <td>11</td>\n",
       "      <td>6</td>\n",
       "      <td>8</td>\n",
       "      <td>6</td>\n",
       "      <td>10</td>\n",
       "      <td>6</td>\n",
       "      <td>2</td>\n",
       "      <td>6</td>\n",
       "      <td>10</td>\n",
       "      <td>3</td>\n",
       "      <td>7</td>\n",
       "      <td>3</td>\n",
       "      <td>7</td>\n",
       "      <td>3</td>\n",
       "      <td>9</td>\n",
       "    </tr>\n",
       "    <tr>\n",
       "      <th>3</th>\n",
       "      <td>7</td>\n",
       "      <td>11</td>\n",
       "      <td>6</td>\n",
       "      <td>6</td>\n",
       "      <td>3</td>\n",
       "      <td>5</td>\n",
       "      <td>9</td>\n",
       "      <td>4</td>\n",
       "      <td>6</td>\n",
       "      <td>4</td>\n",
       "      <td>4</td>\n",
       "      <td>10</td>\n",
       "      <td>6</td>\n",
       "      <td>10</td>\n",
       "      <td>2</td>\n",
       "      <td>8</td>\n",
       "    </tr>\n",
       "    <tr>\n",
       "      <th>4</th>\n",
       "      <td>2</td>\n",
       "      <td>1</td>\n",
       "      <td>3</td>\n",
       "      <td>1</td>\n",
       "      <td>1</td>\n",
       "      <td>8</td>\n",
       "      <td>6</td>\n",
       "      <td>6</td>\n",
       "      <td>6</td>\n",
       "      <td>6</td>\n",
       "      <td>5</td>\n",
       "      <td>9</td>\n",
       "      <td>1</td>\n",
       "      <td>7</td>\n",
       "      <td>5</td>\n",
       "      <td>10</td>\n",
       "    </tr>\n",
       "    <tr>\n",
       "      <th>...</th>\n",
       "      <td>...</td>\n",
       "      <td>...</td>\n",
       "      <td>...</td>\n",
       "      <td>...</td>\n",
       "      <td>...</td>\n",
       "      <td>...</td>\n",
       "      <td>...</td>\n",
       "      <td>...</td>\n",
       "      <td>...</td>\n",
       "      <td>...</td>\n",
       "      <td>...</td>\n",
       "      <td>...</td>\n",
       "      <td>...</td>\n",
       "      <td>...</td>\n",
       "      <td>...</td>\n",
       "      <td>...</td>\n",
       "    </tr>\n",
       "    <tr>\n",
       "      <th>19995</th>\n",
       "      <td>2</td>\n",
       "      <td>2</td>\n",
       "      <td>3</td>\n",
       "      <td>3</td>\n",
       "      <td>2</td>\n",
       "      <td>7</td>\n",
       "      <td>7</td>\n",
       "      <td>7</td>\n",
       "      <td>6</td>\n",
       "      <td>6</td>\n",
       "      <td>6</td>\n",
       "      <td>4</td>\n",
       "      <td>2</td>\n",
       "      <td>8</td>\n",
       "      <td>3</td>\n",
       "      <td>7</td>\n",
       "    </tr>\n",
       "    <tr>\n",
       "      <th>19996</th>\n",
       "      <td>7</td>\n",
       "      <td>10</td>\n",
       "      <td>8</td>\n",
       "      <td>8</td>\n",
       "      <td>4</td>\n",
       "      <td>4</td>\n",
       "      <td>8</td>\n",
       "      <td>6</td>\n",
       "      <td>9</td>\n",
       "      <td>12</td>\n",
       "      <td>9</td>\n",
       "      <td>13</td>\n",
       "      <td>2</td>\n",
       "      <td>9</td>\n",
       "      <td>3</td>\n",
       "      <td>7</td>\n",
       "    </tr>\n",
       "    <tr>\n",
       "      <th>19997</th>\n",
       "      <td>6</td>\n",
       "      <td>9</td>\n",
       "      <td>6</td>\n",
       "      <td>7</td>\n",
       "      <td>5</td>\n",
       "      <td>6</td>\n",
       "      <td>11</td>\n",
       "      <td>3</td>\n",
       "      <td>7</td>\n",
       "      <td>11</td>\n",
       "      <td>9</td>\n",
       "      <td>5</td>\n",
       "      <td>2</td>\n",
       "      <td>12</td>\n",
       "      <td>2</td>\n",
       "      <td>4</td>\n",
       "    </tr>\n",
       "    <tr>\n",
       "      <th>19998</th>\n",
       "      <td>2</td>\n",
       "      <td>3</td>\n",
       "      <td>4</td>\n",
       "      <td>2</td>\n",
       "      <td>1</td>\n",
       "      <td>8</td>\n",
       "      <td>7</td>\n",
       "      <td>2</td>\n",
       "      <td>6</td>\n",
       "      <td>10</td>\n",
       "      <td>6</td>\n",
       "      <td>8</td>\n",
       "      <td>1</td>\n",
       "      <td>9</td>\n",
       "      <td>5</td>\n",
       "      <td>8</td>\n",
       "    </tr>\n",
       "    <tr>\n",
       "      <th>19999</th>\n",
       "      <td>4</td>\n",
       "      <td>9</td>\n",
       "      <td>6</td>\n",
       "      <td>6</td>\n",
       "      <td>2</td>\n",
       "      <td>9</td>\n",
       "      <td>5</td>\n",
       "      <td>3</td>\n",
       "      <td>1</td>\n",
       "      <td>8</td>\n",
       "      <td>1</td>\n",
       "      <td>8</td>\n",
       "      <td>2</td>\n",
       "      <td>7</td>\n",
       "      <td>2</td>\n",
       "      <td>8</td>\n",
       "    </tr>\n",
       "  </tbody>\n",
       "</table>\n",
       "<p>20000 rows × 16 columns</p>\n",
       "</div>"
      ],
      "text/plain": [
       "       xbox   ybox   width   height  onpix   xbar   ybar   x2bar  y2bar   \\\n",
       "0          2      8       3       5       1      8     13      0       6   \n",
       "1          5     12       3       7       2     10      5      5       4   \n",
       "2          4     11       6       8       6     10      6      2       6   \n",
       "3          7     11       6       6       3      5      9      4       6   \n",
       "4          2      1       3       1       1      8      6      6       6   \n",
       "...      ...    ...     ...     ...     ...    ...    ...    ...     ...   \n",
       "19995      2      2       3       3       2      7      7      7       6   \n",
       "19996      7     10       8       8       4      4      8      6       9   \n",
       "19997      6      9       6       7       5      6     11      3       7   \n",
       "19998      2      3       4       2       1      8      7      2       6   \n",
       "19999      4      9       6       6       2      9      5      3       1   \n",
       "\n",
       "       xybar   x2ybar  xy2bar  xedge   xedgey  yedge   yedgex  \n",
       "0           6      10       8       0       8       0       8  \n",
       "1          13       3       9       2       8       4      10  \n",
       "2          10       3       7       3       7       3       9  \n",
       "3           4       4      10       6      10       2       8  \n",
       "4           6       5       9       1       7       5      10  \n",
       "...       ...     ...     ...     ...     ...     ...     ...  \n",
       "19995       6       6       4       2       8       3       7  \n",
       "19996      12       9      13       2       9       3       7  \n",
       "19997      11       9       5       2      12       2       4  \n",
       "19998      10       6       8       1       9       5       8  \n",
       "19999       8       1       8       2       7       2       8  \n",
       "\n",
       "[20000 rows x 16 columns]"
      ]
     },
     "execution_count": 6,
     "metadata": {},
     "output_type": "execute_result"
    }
   ],
   "source": [
    "x=df.drop(['letter'], axis=1)\n",
    "x"
   ]
  },
  {
   "cell_type": "code",
   "execution_count": 7,
   "id": "afa38ed1",
   "metadata": {
    "scrolled": true
   },
   "outputs": [
    {
     "data": {
      "text/plain": [
       "0        T\n",
       "1        I\n",
       "2        D\n",
       "3        N\n",
       "4        G\n",
       "        ..\n",
       "19995    D\n",
       "19996    C\n",
       "19997    T\n",
       "19998    S\n",
       "19999    A\n",
       "Name: letter, Length: 20000, dtype: object"
      ]
     },
     "execution_count": 7,
     "metadata": {},
     "output_type": "execute_result"
    }
   ],
   "source": [
    "y=df.letter\n",
    "y"
   ]
  },
  {
   "cell_type": "code",
   "execution_count": 8,
   "id": "8ada2f84",
   "metadata": {},
   "outputs": [],
   "source": [
    "x_train,x_test,y_train,y_test = train_test_split(x,y,test_size = 0.2,random_state = 1)"
   ]
  },
  {
   "cell_type": "markdown",
   "id": "0eb06294",
   "metadata": {},
   "source": [
    "### KNN\n"
   ]
  },
  {
   "cell_type": "code",
   "execution_count": 9,
   "id": "2b8e1d0c",
   "metadata": {
    "scrolled": true
   },
   "outputs": [
    {
     "name": "stdout",
     "output_type": "stream",
     "text": [
      "Confusion Matrix\n",
      "[[160   0   0   0   0   0   0   0   0   0   0   0   1   0   0   0   0   0\n",
      "    0   0   0   0   0   0   1   0]\n",
      " [  0 146   0   1   0   0   0   1   0   1   0   0   0   0   0   0   0   2\n",
      "    0   0   0   0   0   1   0   0]\n",
      " [  0   0 139   0   2   0   1   0   0   0   0   1   0   0   1   0   0   0\n",
      "    0   0   0   0   0   0   0   0]\n",
      " [  0   4   0 150   0   0   0   2   0   0   0   0   0   0   0   0   0   0\n",
      "    0   0   0   0   0   0   0   0]\n",
      " [  0   1   0   0 136   0   1   0   0   0   0   1   0   0   0   0   0   0\n",
      "    0   0   0   0   0   0   0   0]\n",
      " [  0   0   0   0   1 134   0   0   0   0   0   0   0   0   0   4   0   1\n",
      "    0   4   0   0   0   0   0   0]\n",
      " [  0   2   1   1   0   0 147   0   0   0   0   0   1   0   1   0   0   0\n",
      "    1   0   0   0   0   0   0   0]\n",
      " [  0   3   0   3   1   0   1 126   0   0   6   0   0   1   1   0   0   3\n",
      "    0   0   1   0   0   0   0   0]\n",
      " [  0   0   1   0   0   0   0   0 132   4   0   0   0   0   0   0   0   0\n",
      "    0   0   0   0   0   1   0   0]\n",
      " [  0   0   0   0   0   0   0   0   9 131   0   0   0   0   1   0   0   0\n",
      "    0   0   0   0   0   0   0   0]\n",
      " [  0   0   0   0   3   0   0   7   0   0 121   0   0   0   0   0   0   2\n",
      "    0   0   0   0   0   4   0   0]\n",
